#Layer_Color=32768
#
#Feature symbol names
#
$0 r1.9685
$1 r3.937

#
#Feature attribute names
#

#
#Layer features
#
L 1.0111417 1.0086614 1.0111417 1.4413386 0 P 0
L 1.0111417 1.0086614 1.1288583 1.0086614 0 P 0
L 1.0111417 1.4413386 1.1288583 1.4413386 0 P 0
L 1.1216929 1.031378 1.1216929 1.0786221 0 P 0
L 1.1216929 1.031378 1.208307 1.031378 0 P 0
L 1.1216929 1.0786221 1.208307 1.0786221 0 P 0
L 1.1216929 1.3663779 1.1216929 1.413622 0 P 0
L 1.1216929 1.3663779 1.208307 1.3663779 0 P 0
L 1.1216929 1.413622 1.208307 1.413622 0 P 0
L 1.1230709 1.0929528 1.1230709 1.3370472 0 P 0
L 1.1230709 1.0929528 1.2569291 1.0929528 0 P 0
L 1.1230709 1.3370472 1.2569291 1.3370472 0 P 0
L 1.1270866 1.0295669 1.1270866 1.4153937 0 P 0
L 1.1270866 1.0295669 1.5129134 1.0295669 0 P 0
L 1.1270866 1.4153937 1.5129134 1.4153937 0 P 0
L 1.1288583 1.0086614 1.1288583 1.4413386 0 P 0
L 1.1541732 1.055 1.1758267 1.055 1 P 0
L 1.1541732 1.39 1.1758267 1.39 1 P 0
L 1.1649999 1.0441733 1.1649999 1.0658268 1 P 0
L 1.165 1.3791732 1.165 1.4008267 1 P 0
L 1.170315 1.215 1.209685 1.215 1 P 0
L 1.19 1.195315 1.19 1.234685 1 P 0
L 1.208307 1.031378 1.208307 1.0786221 0 P 0
L 1.208307 1.3663779 1.208307 1.413622 0 P 0
L 1.2569291 1.0929528 1.2569291 1.3370472 0 P 0
L 1.2642519 1.113504 1.2642519 1.1764961 0 P 0
L 1.2642519 1.113504 1.295748 1.113504 0 P 0
L 1.2642519 1.1764961 1.295748 1.1764961 0 P 0
L 1.264252 1.2635039 1.264252 1.326496 0 P 0
L 1.264252 1.2635039 1.2957481 1.2635039 0 P 0
L 1.264252 1.326496 1.2957481 1.326496 0 P 0
L 1.2691732 1.145 1.2908268 1.145 1 P 0
L 1.2691732 1.295 1.2908268 1.295 1 P 0
L 1.28 1.1341733 1.28 1.1558268 1 P 0
L 1.28 1.2841732 1.28 1.3058267 1 P 0
L 1.2913779 1.1766929 1.2913779 1.2633071 0 P 0
L 1.2913779 1.1766929 1.338622 1.1766929 0 P 0
L 1.2913779 1.2633071 1.338622 1.2633071 0 P 0
L 1.295748 1.113504 1.295748 1.1764961 0 P 0
L 1.2957481 1.2635039 1.2957481 1.326496 0 P 0
L 1.2962992 1.22 1.3337008 1.22 1 P 0
L 1.3003149 1.2224803 1.339685 1.2224803 1 P 0
L 1.3012992 1.3917716 1.3012992 1.4390157 0 P 0
L 1.3012992 1.3917716 1.3879134 1.3917716 0 P 0
L 1.3012992 1.4390157 1.3879134 1.4390157 0 P 0
L 1.315 1.2012992 1.315 1.2387008 1 P 0
L 1.32 1.2027953 1.32 1.2421654 1 P 0
L 1.3259055 1.4153937 1.3633071 1.4153937 1 P 0
L 1.338622 1.1766929 1.338622 1.2633071 0 P 0
L 1.3446063 1.3966929 1.3446063 1.4340945 1 P 0
L 1.3879134 1.3917716 1.3879134 1.4390157 0 P 0
L 1.4566929 1.031378 1.4566929 1.0786221 0 P 0
L 1.4566929 1.031378 1.543307 1.031378 0 P 0
L 1.4566929 1.0786221 1.543307 1.0786221 0 P 0
L 1.4566929 1.3663779 1.4566929 1.413622 0 P 0
L 1.4566929 1.3663779 1.543307 1.3663779 0 P 0
L 1.4566929 1.413622 1.543307 1.413622 0 P 0
L 1.4891732 1.055 1.5108267 1.055 1 P 0
L 1.4891732 1.39 1.5108267 1.39 1 P 0
L 1.4999999 1.0441733 1.4999999 1.0658268 1 P 0
L 1.5 1.3791732 1.5 1.4008267 1 P 0
L 1.5129134 1.0295669 1.5129134 1.4153937 0 P 0
L 1.5254724 1.1718504 1.5254724 1.2781496 0 P 0
L 1.5254724 1.1718504 1.5845275 1.1718504 0 P 0
L 1.5254724 1.2781496 1.5845275 1.2781496 0 P 0
L 1.535315 1.0925984 1.535315 1.1674015 0 P 0
L 1.535315 1.0925984 1.5746851 1.0925984 0 P 0
L 1.535315 1.1674015 1.5746851 1.1674015 0 P 0
L 1.5372835 1.225 1.5727165 1.225 1 P 0
L 1.543307 1.031378 1.543307 1.0786221 0 P 0
L 1.543307 1.3663779 1.543307 1.413622 0 P 0
L 1.5441733 1.13 1.5658268 1.13 1 P 0
L 1.555 1.1191732 1.555 1.1408267 1 P 0
L 1.555 1.2072835 1.555 1.2427165 1 P 0
L 1.5664567 1.2126378 1.5664567 1.4173622 0 P 0
L 1.5664567 1.2126378 1.8302362 1.2126378 0 P 0
L 1.5664567 1.4173622 1.8302362 1.4173622 0 P 0
L 1.5746851 1.0925984 1.5746851 1.1674015 0 P 0
L 1.5753149 1.1225984 1.5753149 1.1974015 0 P 0
L 1.5753149 1.1225984 1.614685 1.1225984 0 P 0
L 1.5753149 1.1974015 1.614685 1.1974015 0 P 0
L 1.5841732 1.16 1.6058267 1.16 1 P 0
L 1.5845275 1.1718504 1.5845275 1.2781496 0 P 0
L 1.5918504 1.0404724 1.5918504 1.0995275 0 P 0
L 1.5918504 1.0404724 1.6981496 1.0404724 0 P 0
L 1.5918504 1.0995275 1.6981496 1.0995275 0 P 0
L 1.5932677 1.1129134 1.5932677 1.4554331 0 P 0
L 1.5932677 1.1129134 1.8767323 1.1129134 0 P 0
L 1.5932677 1.4554331 1.8767323 1.4554331 0 P 0
L 1.595 1.1491732 1.595 1.1708267 1 P 0
L 1.6113779 1.1166929 1.6113779 1.203307 0 P 0
L 1.6113779 1.1166929 1.658622 1.1166929 0 P 0
L 1.6113779 1.203307 1.658622 1.203307 0 P 0
L 1.614685 1.1225984 1.614685 1.1974015 0 P 0
L 1.6241732 1.16 1.6458267 1.16 1 P 0
L 1.6272835 1.07 1.6627165 1.07 1 P 0
L 1.635 1.1491732 1.635 1.1708267 1 P 0
L 1.645 1.0522835 1.645 1.0877165 1 P 0
L 1.658622 1.1166929 1.658622 1.203307 0 P 0
L 1.6786614 1.315 1.7180315 1.315 1 P 0
L 1.6794095 1.0064567 1.6794095 1.1265354 1 P 0
L 1.6794095 1.0064567 1.7305906 1.0064567 1 P 0
L 1.6794095 1.1265354 1.7305906 1.1265354 1 P 0
L 1.6872835 1.0664961 1.7227166 1.0664961 1 P 0
L 1.6981496 1.0404724 1.6981496 1.0995275 0 P 0
L 1.6983465 1.295315 1.6983465 1.334685 1 P 0
L 1.6983858 1.0188189 1.6983858 1.1211811 0 P 0
L 1.6983858 1.0188189 1.8716142 1.0188189 0 P 0
L 1.6983858 1.1211811 1.8716142 1.1211811 0 P 0
L 1.705 1.0487795 1.705 1.0842126 1 P 0
L 1.715315 1.2841732 1.7546851 1.2841732 1 P 0
L 1.7305906 1.0064567 1.7305906 1.1265354 1 P 0
L 1.735 1.2644882 1.735 1.3038583 1 P 0
L 1.7613779 1.026693 1.7613779 1.1133071 0 P 0
L 1.7613779 1.026693 1.808622 1.026693 0 P 0
L 1.7613779 1.1133071 1.808622 1.1133071 0 P 0
L 1.7653149 1.07 1.804685 1.07 1 P 0
L 1.7741732 1.07 1.7958268 1.07 0 P 0
L 1.785 1.0503149 1.785 1.089685 1 P 0
L 1.785 1.0591733 1.785 1.0808268 0 P 0
L 1.808622 1.026693 1.808622 1.1133071 0 P 0
L 1.8302362 1.2126378 1.8302362 1.4173622 0 P 0
L 1.8711417 1.0086614 1.8711417 1.4413386 0 P 0
L 1.8711417 1.0086614 1.9888583 1.0086614 0 P 0
L 1.8711417 1.4413386 1.9888583 1.4413386 0 P 0
L 1.8716142 1.0188189 1.8716142 1.1211811 0 P 0
L 1.8767323 1.1129134 1.8767323 1.4554331 0 P 0
L 1.9888583 1.0086614 1.9888583 1.4413386 0 P 0
