#Layer_Color=32896
#
#Feature symbol names
#
$0 r6

#
#Feature attribute names
#

#
#Layer features
#
A 1.516 1.232 1.516 1.208 1.516 1.22 0 P 0 N
A 1.516 1.232 1.516 1.208 1.516 1.22 0 P 0 N
L 1.394 1.159 1.394 1.281 0 P 0
L 1.394 1.159 1.394 1.281 0 P 0
L 1.394 1.159 1.516 1.159 0 P 0
L 1.394 1.159 1.516 1.159 0 P 0
L 1.394 1.281 1.516 1.281 0 P 0
L 1.394 1.281 1.516 1.281 0 P 0
L 1.409 1.119 1.409 1.159 0 P 0
L 1.409 1.119 1.409 1.159 0 P 0
L 1.409 1.119 1.422 1.119 0 P 0
L 1.409 1.119 1.422 1.119 0 P 0
L 1.409 1.159 1.422 1.159 0 P 0
L 1.409 1.159 1.422 1.159 0 P 0
L 1.409 1.281 1.409 1.321 0 P 0
L 1.409 1.281 1.409 1.321 0 P 0
L 1.409 1.281 1.422 1.281 0 P 0
L 1.409 1.281 1.422 1.281 0 P 0
L 1.409 1.321 1.422 1.321 0 P 0
L 1.409 1.321 1.422 1.321 0 P 0
L 1.422 1.119 1.422 1.159 0 P 0
L 1.422 1.119 1.422 1.159 0 P 0
L 1.422 1.281 1.422 1.321 0 P 0
L 1.422 1.281 1.422 1.321 0 P 0
L 1.429 1.119 1.429 1.159 0 P 0
L 1.429 1.119 1.429 1.159 0 P 0
L 1.429 1.119 1.442 1.119 0 P 0
L 1.429 1.119 1.442 1.119 0 P 0
L 1.429 1.159 1.442 1.159 0 P 0
L 1.429 1.159 1.442 1.159 0 P 0
L 1.429 1.281 1.429 1.321 0 P 0
L 1.429 1.281 1.429 1.321 0 P 0
L 1.429 1.281 1.442 1.281 0 P 0
L 1.429 1.281 1.442 1.281 0 P 0
L 1.429 1.321 1.442 1.321 0 P 0
L 1.429 1.321 1.442 1.321 0 P 0
L 1.442 1.119 1.442 1.159 0 P 0
L 1.442 1.119 1.442 1.159 0 P 0
L 1.442 1.281 1.442 1.321 0 P 0
L 1.442 1.281 1.442 1.321 0 P 0
L 1.448 1.119 1.449 1.159 0 P 0
L 1.448 1.119 1.449 1.159 0 P 0
L 1.448 1.119 1.461 1.119 0 P 0
L 1.448 1.119 1.461 1.119 0 P 0
L 1.449 1.159 1.461 1.159 0 P 0
L 1.449 1.159 1.461 1.159 0 P 0
L 1.449 1.281 1.449 1.321 0 P 0
L 1.449 1.281 1.449 1.321 0 P 0
L 1.449 1.281 1.461 1.281 0 P 0
L 1.449 1.281 1.461 1.281 0 P 0
L 1.449 1.321 1.462 1.321 0 P 0
L 1.449 1.321 1.462 1.321 0 P 0
L 1.461 1.119 1.461 1.159 0 P 0
L 1.461 1.119 1.461 1.159 0 P 0
L 1.461 1.281 1.462 1.321 0 P 0
L 1.461 1.281 1.462 1.321 0 P 0
L 1.468 1.119 1.468 1.159 0 P 0
L 1.468 1.119 1.468 1.159 0 P 0
L 1.468 1.119 1.481 1.119 0 P 0
L 1.468 1.119 1.481 1.119 0 P 0
L 1.468 1.159 1.481 1.159 0 P 0
L 1.468 1.159 1.481 1.159 0 P 0
L 1.468 1.281 1.468 1.321 0 P 0
L 1.468 1.281 1.468 1.321 0 P 0
L 1.468 1.281 1.481 1.281 0 P 0
L 1.468 1.281 1.481 1.281 0 P 0
L 1.468 1.321 1.481 1.321 0 P 0
L 1.468 1.321 1.481 1.321 0 P 0
L 1.481 1.119 1.481 1.159 0 P 0
L 1.481 1.119 1.481 1.159 0 P 0
L 1.481 1.281 1.481 1.321 0 P 0
L 1.481 1.281 1.481 1.321 0 P 0
L 1.487 1.345 1.487 1.355 0 P 0
L 1.487 1.345 1.487 1.355 0 P 0
L 1.487 1.345 1.502 1.345 0 P 0
L 1.487 1.345 1.502 1.345 0 P 0
L 1.487 1.355 1.502 1.355 0 P 0
L 1.487 1.355 1.502 1.355 0 P 0
L 1.488 1.119 1.488 1.159 0 P 0
L 1.488 1.119 1.488 1.159 0 P 0
L 1.488 1.119 1.501 1.119 0 P 0
L 1.488 1.119 1.501 1.119 0 P 0
L 1.488 1.159 1.501 1.159 0 P 0
L 1.488 1.159 1.501 1.159 0 P 0
L 1.488 1.281 1.488 1.321 0 P 0
L 1.488 1.281 1.488 1.321 0 P 0
L 1.488 1.281 1.501 1.281 0 P 0
L 1.488 1.281 1.501 1.281 0 P 0
L 1.488 1.321 1.501 1.321 0 P 0
L 1.488 1.321 1.501 1.321 0 P 0
L 1.501 1.119 1.501 1.159 0 P 0
L 1.501 1.119 1.501 1.159 0 P 0
L 1.501 1.281 1.501 1.321 0 P 0
L 1.501 1.281 1.501 1.321 0 P 0
L 1.516 1.159 1.516 1.208 0 P 0
L 1.516 1.159 1.516 1.208 0 P 0
L 1.516 1.208 1.516 1.232 0 P 0
L 1.516 1.208 1.516 1.232 0 P 0
L 1.516 1.232 1.516 1.281 0 P 0
L 1.516 1.232 1.516 1.281 0 P 0
