#Layer_Color=16711935
#
#Feature symbol names
#
$0 r3.937

#
#Feature attribute names
#

#
#Layer features
#
A 1.2373228 1.3248425 1.2373228 1.3248425 1.2176378 1.3248425 0 P 0 N
A 1.6747244 1.3779921 1.6747244 1.3779921 1.6550394 1.3779921 0 P 0 N
L 1.02 1.0175197 1.02 1.4324803 0 P 0
L 1.02 1.0175197 1.12 1.0175197 0 P 0
L 1.02 1.4324803 1.12 1.4324803 0 P 0
L 1.12 1.0175197 1.12 1.4324803 0 P 0
L 1.1270079 1.1165748 1.1270079 1.3134252 0 P 0
L 1.1270079 1.1165748 1.2529921 1.1165748 0 P 0
L 1.1270079 1.3134252 1.2529921 1.3134252 0 P 0
L 1.1443306 1.0441733 1.1443306 1.0658268 0 P 0
L 1.1443306 1.0441733 1.1856692 1.0441733 0 P 0
L 1.1443306 1.0658268 1.1856692 1.0658268 0 P 0
L 1.1443307 1.3791732 1.1443307 1.4008267 0 P 0
L 1.1443307 1.3791732 1.1856693 1.3791732 0 P 0
L 1.1443307 1.4008267 1.1856693 1.4008267 0 P 0
L 1.1822047 1.0846851 1.1822047 1.3602756 0 P 0
L 1.1822047 1.0846851 1.4577952 1.0846851 0 P 0
L 1.1822047 1.3602756 1.4577952 1.3602756 0 P 0
L 1.1856692 1.0441733 1.1856692 1.0658268 0 P 0
L 1.1856693 1.3791732 1.1856693 1.4008267 0 P 0
L 1.2529921 1.1165748 1.2529921 1.3134252 0 P 0
L 1.2691732 1.1243307 1.2691732 1.1656693 0 P 0
L 1.2691732 1.1243307 1.2908268 1.1243307 0 P 0
L 1.2691732 1.1656693 1.2908268 1.1656693 0 P 0
L 1.2691732 1.2743307 1.2691732 1.3156693 0 P 0
L 1.2691732 1.2743307 1.2908268 1.2743307 0 P 0
L 1.2691732 1.3156693 1.2908268 1.3156693 0 P 0
L 1.2908268 1.1243307 1.2908268 1.1656693 0 P 0
L 1.2908268 1.2743307 1.2908268 1.3156693 0 P 0
L 1.2962992 1.1855512 1.2962992 1.2544488 0 P 0
L 1.2962992 1.1855512 1.3337008 1.1855512 0 P 0
L 1.2962992 1.2544488 1.3337008 1.2544488 0 P 0
L 1.3101575 1.3966929 1.3101575 1.4340945 0 P 0
L 1.3101575 1.3966929 1.3790551 1.3966929 0 P 0
L 1.3101575 1.4340945 1.3790551 1.4340945 0 P 0
L 1.3337008 1.1855512 1.3337008 1.2544488 0 P 0
L 1.3790551 1.3966929 1.3790551 1.4340945 0 P 0
L 1.4577952 1.0846851 1.4577952 1.3602756 0 P 0
L 1.4793306 1.0441733 1.4793306 1.0658268 0 P 0
L 1.4793306 1.0441733 1.5206692 1.0441733 0 P 0
L 1.4793306 1.0658268 1.5206692 1.0658268 0 P 0
L 1.4793307 1.3791732 1.4793307 1.4008267 0 P 0
L 1.4793307 1.3791732 1.5206693 1.3791732 0 P 0
L 1.4793307 1.4008267 1.5206693 1.4008267 0 P 0
L 1.5206692 1.0441733 1.5206692 1.0658268 0 P 0
L 1.5206693 1.3791732 1.5206693 1.4008267 0 P 0
L 1.5372835 1.1915354 1.5372835 1.2584646 0 P 0
L 1.5372835 1.1915354 1.5727165 1.1915354 0 P 0
L 1.5372835 1.2584646 1.5727165 1.2584646 0 P 0
L 1.5441733 1.1093307 1.5441733 1.1506693 0 P 0
L 1.5441733 1.1093307 1.5658268 1.1093307 0 P 0
L 1.5441733 1.1506693 1.5658268 1.1506693 0 P 0
L 1.5658268 1.1093307 1.5658268 1.1506693 0 P 0
L 1.5727165 1.1915354 1.5727165 1.2584646 0 P 0
L 1.5841732 1.1393307 1.5841732 1.1806693 0 P 0
L 1.5841732 1.1393307 1.6058267 1.1393307 0 P 0
L 1.5841732 1.1806693 1.6058267 1.1806693 0 P 0
L 1.6031103 1.2111417 1.6031103 1.3572047 0 P 0
L 1.6031103 1.2111417 1.8668898 1.2111417 0 P 0
L 1.6031103 1.3572047 1.8668898 1.3572047 0 P 0
L 1.6058267 1.1393307 1.6058267 1.1806693 0 P 0
L 1.6115354 1.0522835 1.6115354 1.0877165 0 P 0
L 1.6115354 1.0522835 1.6784646 1.0522835 0 P 0
L 1.6115354 1.0877165 1.6784646 1.0877165 0 P 0
L 1.6196063 1.2165748 1.6196063 1.4134252 0 P 0
L 1.6196063 1.2165748 1.7770866 1.2165748 0 P 0
L 1.6196063 1.4134252 1.7770866 1.4134252 0 P 0
L 1.6241732 1.1393307 1.6241732 1.1806693 0 P 0
L 1.6241732 1.1393307 1.6458267 1.1393307 0 P 0
L 1.6241732 1.1806693 1.6458267 1.1806693 0 P 0
L 1.6458267 1.1393307 1.6458267 1.1806693 0 P 0
L 1.6784646 1.0522835 1.6784646 1.0877165 0 P 0
L 1.6872835 1.0330315 1.6872835 1.0999606 0 P 0
L 1.6872835 1.0330315 1.7227166 1.0330315 0 P 0
L 1.6872835 1.0999606 1.7227166 1.0999606 0 P 0
L 1.7227166 1.0330315 1.7227166 1.0999606 0 P 0
L 1.741496 1.0414567 1.741496 1.0985433 0 P 0
L 1.741496 1.0414567 1.8285039 1.0414567 0 P 0
L 1.741496 1.0985433 1.8285039 1.0985433 0 P 0
L 1.7741732 1.0493308 1.7741732 1.0906693 0 P 0
L 1.7741732 1.0493308 1.7958268 1.0493308 0 P 0
L 1.7741732 1.0906693 1.7958268 1.0906693 0 P 0
L 1.7770866 1.2165748 1.7770866 1.4134252 0 P 0
L 1.7958268 1.0493308 1.7958268 1.0906693 0 P 0
L 1.8285039 1.0414567 1.8285039 1.0985433 0 P 0
L 1.8668898 1.2111417 1.8668898 1.3572047 0 P 0
L 1.88 1.0175197 1.88 1.4324803 0 P 0
L 1.88 1.0175197 1.98 1.0175197 0 P 0
L 1.88 1.4324803 1.98 1.4324803 0 P 0
L 1.98 1.0175197 1.98 1.4324803 0 P 0
